120 120 120 120 40 40 80 40
120 120 60 80 80 120 40 0
120 120 90 120 120 40 120 0
80 120 60 0 80 80 40 0
80 120 0 120 0 80 0 0
80 0 60 120 80 80 40 40
80 0 30 120 80 40 40 0
80 120 0 80 40 80 120 0
80 120 90 120 0 80 80 0
0 120 60 120 120 40 0 0
80 0 90 40 120 40 40 0
120 120 90 120 80 120 120 40
0 0 90 80 40 40 40 0
80 0 60 80 80 40 80 0
40 120 30 0 0 80 80 40
80 120 60 120 40 40 120 0
120 120 60 40 0 80 40 0
120 0 30 40 80 40 40 0
40 0 90 120 0 40 40 0
40 0 90 120 80 80 120 0
80 120 120 120 80 40 80 0
120 120 120 0 80 40 0 0
40 120 90 40 80 40 80 40
120 0 0 40 120 40 40 120
80 120 90 120 40 80 120 40
80 120 120 40 120 80 40 0
40 0 30 80 0 0 40 40
120 120 60 120 40 40 40 0
120 120 60 0 40 80 80 0
40 120 30 120 0 40 120 0
80 0 60 40 40 40 40 0
120 120 30 80 40 80 0 0
80 120 120 0 80 40 40 0
80 120 90 80 40 40 0 0
80 120 90 80 40 120 0 40
120 120 120 120 40 40 40 0
120 120 60 80 0 80 0 120
120 120 90 120 40 40 40 0
120 120 120 40 120 40 80 0
80 120 30 40 0 120 40 0
80 120 90 120 120 80 0 0
120 0 90 120 40 40 80 40
80 0 30 120 0 40 80 0
80 120 0 80 80 40 0 0
120 120 30 120 80 40 120 0
120 120 120 0 120 40 40 0
120 120 90 40 40 40 120 0
120 120 60 80 40 120 0 0
80 0 60 40 40 40 80 0
40 0 90 120 80 40 80 0
80 120 120 120 40 80 0 0
80 120 120 80 40 40 80 120
40 120 30 120 80 80 0 0
120 0 60 120 40 0 40 0
80 120 60 120 0 120 120 0
120 0 90 120 0 80 0 40
120 0 90 80 80 40 0 0
0 120 60 0 40 80 0 120
120 0 120 80 0 80 40 0
120 120 0 120 120 80 80 0
40 120 60 40 120 80 80 0
80 0 120 0 80 80 40 0
80 0 90 120 40 80 120 0
80 120 30 120 40 40 120 0
40 0 90 120 40 0 40 40
80 120 120 40 40 80 80 40
120 120 90 80 40 80 80 40
120 120 30 0 40 40 40 0
40 120 60 120 120 120 0 0
120 0 30 120 40 80 40 0
80 0 60 120 40 40 40 0
80 0 60 120 0 0 40 120
40 0 120 120 40 120 120 0
80 120 120 80 120 80 80 0
80 120 120 120 80 80 40 0
80 120 90 120 40 80 0 0
80 0 30 120 40 80 0 0
80 120 120 40 80 0 120 0
120 120 60 120 120 80 80 0
0 120 0 120 120 120 40 0
0 0 60 120 40 40 120 0
80 120 0 120 40 40 120 0
120 120 120 40 80 80 120 0
120 0 60 120 0 120 80 0
120 0 30 120 0 80 40 0
80 120 60 120 40 120 120 0
120 120 60 120 80 40 40 120
120 0 90 120 40 0 40 40
0 120 30 80 120 80 40 0
120 120 30 80 80 80 120 0
120 120 90 120 40 0 80 0
80 120 30 120 40 120 0 0
80 0 30 120 80 40 120 0
80 0 60 120 40 80 120 0
40 120 30 40 40 120 40 40
80 0 120 120 120 80 0 120
120 0 60 40 40 120 0 0
80 120 60 80 120 80 80 0
80 120 60 120 40 40 80 0
120 120 60 40 0 120 120 0
120 120 0 120 80 40 80 40
80 0 120 120 40 0 0 0
80 0 30 80 80 40 120 0
120 0 90 120 40 80 80 0
80 120 30 120 40 0 80 0
120 0 120 120 40 40 40 0
120 120 120 40 0 80 0 0
120 120 90 120 0 80 40 0
80 120 90 120 0 120 0 0
120 120 60 0 40 40 120 0
40 120 60 120 40 120 40 40
120 120 30 120 120 40 0 0
120 120 90 120 40 40 80 0
80 0 120 120 80 80 80 40
0 120 30 120 120 80 120 0
80 120 60 120 80 80 120 0
120 120 60 80 40 80 0 0
80 120 90 120 40 40 0 0
80 120 60 120 0 80 0 0
80 120 30 120 120 80 80 0
120 120 60 120 80 120 40 40
40 120 120 120 40 80 80 0
0 120 0 120 40 40 0 0
40 0 120 120 0 80 0 0
120 0 120 120 40 40 40 0
80 120 60 40 40 40 80 120
80 0 60 40 0 80 120 0
120 120 90 120 40 0 40 80
80 120 120 120 40 40 80 0
80 120 30 40 80 40 120 0
80 0 90 120 40 80 40 0
120 120 60 120 120 40 0 0
40 120 60 80 80 0 0 0
120 120 60 120 40 40 0 40
120 120 60 120 0 40 0 40
40 120 90 120 120 120 80 40
120 120 60 120 40 120 120 0
120 120 90 0 40 80 40 0
120 0 120 80 80 40 120 0
120 120 90 120 40 40 80 0
120 0 60 40 120 80 120 0
80 0 120 120 0 80 80 40
80 0 120 120 40 80 0 40
120 0 60 0 0 40 120 0
120 120 90 120 40 80 80 0
120 0 120 120 40 80 40 0
80 0 30 120 40 40 40 0
40 120 120 120 0 40 80 0
120 120 120 120 120 80 40 40
120 0 60 120 0 80 40 0
80 0 120 120 80 80 0 80
80 120 30 80 40 40 80 80
120 120 60 120 0 40 80 40
120 0 90 120 40 40 40 0
80 120 60 40 80 80 0 0
0 0 60 120 120 80 80 0
120 120 30 40 120 80 0 0
120 120 90 120 40 0 40 0
120 0 90 120 40 40 0 0
120 0 120 0 40 80 0 0
120 0 30 80 0 0 0 120
0 120 30 120 120 80 0 40
80 120 120 120 40 40 120 40
80 0 60 120 0 80 40 0
40 120 30 0 40 80 80 0
120 0 60 120 0 40 40 40
40 120 90 80 40 80 80 0
40 120 90 120 40 80 120 0
120 120 30 120 40 40 0 0
0 120 120 120 40 80 40 0
0 120 60 120 40 80 0 0
120 0 60 80 40 80 0 0
80 120 60 40 40 120 80 0
40 120 120 80 40 80 0 0
80 120 120 120 120 80 120 0
40 120 120 120 0 40 120 0
120 120 120 120 80 80 120 0
120 0 60 120 40 40 120 0
120 120 120 120 0 80 40 40
120 120 90 40 80 40 80 0
40 120 60 120 40 0 40 120
120 120 30 120 120 40 120 0
80 0 30 120 0 80 0 0
80 0 120 120 120 40 0 40
120 120 60 120 120 40 120 0
40 120 60 120 0 40 40 0
80 0 60 40 40 0 0 0
80 120 30 120 0 0 120 0
80 120 120 120 40 40 80 0
0 120 120 120 0 120 40 0
80 120 90 80 0 80 40 0
0 120 120 80 40 80 40 0
80 120 60 80 40 40 120 0
80 120 60 120 40 120 0 0
80 0 30 0 40 80 80 40
80 120 120 120 0 80 40 0
120 120 60 0 40 80 40 40
0 0 60 80 0 40 0 0
0 0 60 120 120 40 40 0
120 120 120 40 0 40 0 40
40 120 120 80 40 80 80 0
80 0 30 120 40 80 40 0
120 0 90 80 40 40 0 0
40 120 90 80 80 40 40 0
80 120 30 120 80 80 0 40
80 120 60 120 40 40 0 0
80 0 60 120 40 40 40 0
0 0 120 0 80 80 0 40
40 120 30 80 40 40 0 0
80 0 120 120 40 80 120 40
40 0 120 120 0 40 40 80
120 120 90 120 0 80 0 0
80 120 0 120 80 80 0 80
80 120 0 40 40 80 80 40
40 120 60 120 80 0 0 40
0 120 90 120 40 40 0 120
0 120 120 80 40 80 0 0
40 0 0 120 120 0 120 0
80 0 60 120 80 80 40 0
40 0 90 120 40 80 0 0
0 120 60 40 0 80 0 0
40 120 30 40 40 120 80 80
0 120 90 80 0 80 40 40
120 120 90 120 80 0 40 0
120 120 60 0 40 40 80 0
120 120 30 40 40 80 120 0
40 0 60 120 0 40 0 0
40 120 60 120 0 40 40 0
120 120 120 40 120 40 0 0
80 0 120 40 0 80 40 0
120 120 0 120 40 80 40 0
80 0 120 40 40 40 120 0
120 0 30 120 40 0 40 0
120 0 60 120 40 40 0 40
80 120 90 40 80 80 0 0
120 120 120 120 0 40 120 0
80 120 120 80 0 80 80 0
80 120 120 120 120 40 80 0
40 120 60 120 0 80 120 0
40 120 90 0 0 80 40 40
80 0 60 80 80 40 80 0
120 0 120 120 40 80 120 0
120 120 120 120 40 120 40 0
120 0 0 40 40 80 80 0
80 120 120 120 0 40 40 0
80 0 90 0 0 80 80 0
120 120 120 120 0 120 40 80
80 120 120 120 0 40 40 40
120 120 30 120 40 40 120 0
80 120 90 120 120 80 80 0
120 120 30 40 120 40 0 0
80 120 120 40 80 40 0 0
0 0 60 120 40 40 0 80
80 120 120 80 40 0 0 0
120 120 90 0 120 40 40 120
80 120 120 120 80 0 40 0
120 0 0 120 80 80 0 40
120 120 30 120 40 40 0 0
80 0 120 120 40 80 80 0
80 120 120 120 80 80 0 40
80 0 60 80 40 0 120 0
80 120 120 120 80 40 0 0
120 120 90 120 40 80 40 0
0 120 120 40 80 80 120 0
80 0 0 120 80 40 40 0
80 120 30 120 120 40 40 0
120 120 30 80 80 0 80 0
80 120 120 120 120 0 40 0
120 120 60 40 120 40 120 0
80 120 120 120 0 0 0 0
80 120 90 120 40 40 0 0
120 120 90 120 40 40 0 0
120 120 60 0 120 0 40 40
120 120 120 40 0 40 80 0
0 120 0 40 80 40 40 40
80 120 60 120 40 80 80 0
0 0 90 120 0 120 0 0
40 120 30 120 0 80 0 0
0 120 30 120 120 40 0 0
40 120 120 80 80 80 0 0
80 120 0 0 0 40 0 40
120 0 60 120 0 80 80 120
80 120 120 120 80 80 0 120
80 0 60 120 40 80 0 40
80 120 30 80 80 80 80 0
120 120 60 80 40 40 80 120
0 120 60 120 40 80 80 40
120 120 30 120 80 40 0 0
120 120 60 80 80 80 80 40
80 0 60 120 40 40 80 0
120 120 30 40 0 40 0 0
80 120 0 120 120 40 80 40
0 0 90 120 40 0 120 0
120 120 60 120 80 80 80 0
120 120 120 120 40 80 120 0
120 120 120 120 40 80 80 0
80 0 120 120 120 80 80 0
40 0 60 0 120 80 120 0
120 0 30 120 0 80 0 0
120 0 30 120 40 80 0 0
